1
8.67977732e+00, 2.13822674e+00, -2.73913862e+00, 9.28068920e+00, 2.333003e+00
20
9.15645432e+00, 4.07221814e+00, -7.03444770e+00, 1.21186839e+01, 6.610738e-01
40
8.61739463e+00, 3.82728356e+00, -7.98566134e+00, 1.27757724e+01, 8.268077e-01
60
8.31889579e+00, 3.55940021e+00, -7.35802065e+00, 1.21175162e+01, 5.316034e-01
80
8.11381113e+00, 3.36767004e+00, -6.92885309e+00, 1.16749942e+01, 4.491875e-01
100
7.69976899e+00, 2.98129820e+00, -6.32026313e+00, 1.10387339e+01, 9.481031e-01
120
7.52614777e+00, 2.86629522e+00, -5.86645938e+00, 1.05263119e+01, 3.711431e-01
140
7.46838524e+00, 2.78058496e+00, -5.62694098e+00, 1.03147413e+01, 2.659644e-01
160
7.42918361e+00, 2.76030853e+00, -5.54648792e+00, 1.02153630e+01, 1.947224e-01
180
7.40989574e+00, 2.75308755e+00, -5.51971723e+00, 1.01765254e+01, 1.655697e-01
200
7.39691590e+00, 2.74216211e+00, -5.49380373e+00, 1.01485575e+01, 1.455075e-01
220
7.38759484e+00, 2.73742105e+00, -5.48160062e+00, 1.01317744e+01, 1.244010e-01
240
7.38034120e+00, 2.73087122e+00, -5.46750451e+00, 1.01169745e+01, 1.126444e-01
260
7.37443927e+00, 2.72612009e+00, -5.45710615e+00, 1.01054253e+01, 1.057341e-01
280
7.36955912e+00, 2.72112088e+00, -5.44657552e+00, 1.00950138e+01, 9.432025e-02
300
7.36555207e+00, 2.71674107e+00, -5.43725145e+00, 1.00860624e+01, 8.538720e-02
320
7.36229943e+00, 2.71271608e+00, -5.42868618e+00, 1.00782695e+01, 7.970621e-02
340
7.35968573e+00, 2.70923046e+00, -5.42121253e+00, 1.00716678e+01, 7.051504e-02
360
7.35760564e+00, 2.70617999e+00, -5.41468228e+00, 1.00661079e+01, 6.614636e-02
380
7.35596464e+00, 2.70359549e+00, -5.40911920e+00, 1.00614883e+01, 6.153414e-02
400
7.35468301e+00, 2.70141082e+00, -5.40441703e+00, 1.00576892e+01, 5.781164e-02
420
7.35369379e+00, 2.69959265e+00, -5.40049509e+00, 1.00545962e+01, 5.485802e-02
440
7.35293793e+00, 2.69807561e+00, -5.39722959e+00, 1.00520919e+01, 5.107237e-02
460
7.35236568e+00, 2.69681337e+00, -5.39451761e+00, 1.00500699e+01, 4.689444e-02
480
7.35193769e+00, 2.69575485e+00, -5.39225244e+00, 1.00484353e+01, 4.368120e-02
500
7.35162217e+00, 2.69486615e+00, -5.39035596e+00, 1.00471120e+01, 3.958444e-02
520
7.35139281e+00, 2.69411869e+00, -5.38876565e+00, 1.00460398e+01, 3.566128e-02
540
7.35122845e+00, 2.69348925e+00, -5.38743055e+00, 1.00451697e+01, 3.111384e-02
560
7.35111268e+00, 2.69295744e+00, -5.38630622e+00, 1.00444615e+01, 2.825198e-02
580
7.35103286e+00, 2.69250763e+00, -5.38535773e+00, 1.00438830e+01, 2.483196e-02
